,predicted,actual
0,0.3115726419169499,0.35078821252698
1,0.6265540131633527,0.6057871304247973
2,0.6234137916489391,0.5954821110674792
3,0.6655225691029543,0.630969366336823
4,0.7548215004728953,0.7205688863015786
5,0.8519799595225932,0.8161582524956326
6,1.0169171246342679,0.9741134177826215
7,0.721928160352594,0.729975132025152
8,0.7498245250651945,0.7749409752582238
9,0.1811491265340412,0.26837423399195703
10,0.5765155609136443,0.6203082329880578
11,0.8008986846242785,0.8217017640712774
12,0.7852658731849349,0.8048080288014855
13,0.7333647303418385,0.7578033605686005
14,0.5057369865467554,0.5595681358904456
15,0.6343169985208248,0.6710035209448141
16,0.5682028823208418,0.6163618736538605
17,0.5209574407062345,0.5735424398313465
18,0.6070121050635056,0.6294806201310711
19,0.8338455927107338,0.8393678803551118
20,0.5142456787627003,0.5526230860861558
21,0.6734203851182463,0.693615656643612
22,0.5890263912777702,0.6328416899711636
23,0.5523253417407203,0.5901052658094269
24,0.48078497969789225,0.5197742172628365
25,0.5367897631167589,0.5762978217060037
26,0.6634055296735519,0.6831455746035857
27,0.6568094292423208,0.6719983385926748
28,0.6020616823772649,0.6395750896874995
29,0.6878256466520709,0.7095225663651067
30,0.14734539469142657,0.2479925140737406
31,0.4709759555552,0.5142053242205282
32,0.500766893356074,0.5392375812669149
33,0.6058468812675011,0.6338075515477946
34,0.619194009541773,0.6428974885017172
35,0.5742293354851085,0.6045251089125661
36,0.5135951150919609,0.5604134062627691
37,0.4592868662853268,0.5142567293317595
38,0.4054477345285274,0.4559903896933925
39,0.4506902894113814,0.48880882921914365
40,0.5453699315354434,0.5733977728794465
41,0.5604891650967219,0.5871629289984963
42,0.544735193589019,0.5723830540530973
43,0.464291732254264,0.5094313967860826
44,0.4063369979059134,0.4620546303436051
45,0.4196195136456882,0.4712307126102138
46,0.4557859256011004,0.49337423992198215
47,0.5614855263990146,0.580583853978632
48,0.5590018039031299,0.585522082657054
49,0.5390031118090224,0.569317104385274
50,0.4772794112381793,0.526602371981287
51,0.43974039818740895,0.49900571788833653
52,0.41984243831000684,0.4666565686156983
53,0.4450084135777972,0.4898307321849775
54,0.5700277466439096,0.6033885006450703
55,0.5659326548667649,0.6081669142801727
56,0.542457021303141,0.5773192300706619
57,0.48395321189819523,0.538793109500547
58,0.4324390135141447,0.4996599378677825
59,0.4257291303740231,0.47553747476797825
60,0.46629291646164855,0.5096408238998221
61,0.5718781491411733,0.6048411081968373
62,0.5811488850202524,0.614729523224141
63,0.5447051514157921,0.5802408742443087
64,0.5051970545708926,0.5523336146769537
65,0.4526066712532999,0.5099546422204412
66,0.4647611090828067,0.4711388726716943
67,0.5239284371621282,0.5184374473120774
68,0.811276886844984,0.7556669868014744
69,0.4517470289606035,0.4590747901143907
70,0.6668346245641519,0.6385599422570327
71,0.6046701059705457,0.5995181104478647
72,0.5973857866423777,0.5678032915119585
